0	0	0	0	99	100.2	198	100.2	99	200.4	198	200.4	99	300.6	198		
0	0	1	300.6	99	400.8	198	408	99	501	198	0	0	100.2	99		
0	0	2	100.2	0	200.4	99	200.4	0	300.6	99	300.6	0	400.8	99		
0	1	0	0	267.33	159.33	401	159.33	267.33	318.6	401	318.6	267.33	478	401	
0	1	1	0	133.67	159.33	267.33	159.33	133.67	318.6	267.33	318.6	133.67	478	267.33	
0	1	2	0	0	159.33	133.67	159.33	0	318.6	133.67	318.6	0	478	133.67	
0	2	0	0	312	143.33	468	143.33	312	286.66	468	286.66	312	430	468	
0	2	1	0	156	143.33	312	143.33	156	286.66	312	286.66	156	430	312	
0	2	2	0	0	143.33	156	143.33	0	286.66	156	286.66	0	430	156	
1	0	0	0	0	68.33	61	68.33	0	136.66	61	136.66	0	204.99	61	204.99	0	273.32	61	273.32	0	341.65	61		
1	1	0	0	0	66.8	62	66.8	0	133.6	62	133.6	0	200.4	62	200.4	0	267	62	267	0	334	62	
2	2	0	249.51	188.1	457.495	209	
2	2	1	249.51	167.2	457.495	188.1	
2	2	2	249.51	146.3	457.495	167.2	
2	2	3	249.51	125.4	457.495	146.3	
4	0	0	0	0	1919	190	

